0 2
1 0
2 0
3 0
4 0
5 0
6 0
7 1
8 0
9 0
10 0
11 0
12 1
13 0
14 0
15 0
16 0
17 1
18 0
19 0
20 1
21 0
22 0
23 0
24 0
25 0
26 0
27 0
28 0
29 0
30 0
31 0
32 0
33 0
34 0
35 0
36 1
37 1
38 0
39 1
40 0
41 2
42 0
43 0
44 1
45 0
46 1
47 1
48 1
49 1
50 0
51 0
52 0
53 1
54 1
55 1
56 0
57 2
58 0
59 1
60 0
61 1
62 3
63 3
64 1
65 1
66 1
67 1
68 3
69 0
70 2
71 4
72 5
73 2
74 4
75 1
76 4
77 1
78 3
79 4
80 2
81 5
82 0
83 3
84 2
85 3
86 3
87 5
88 3
89 5
90 7
91 7
92 5
93 3
94 5
95 5
96 6
97 3
98 7
99 7
100 5
101 8
102 7
103 8
104 5
105 9
106 8
107 12
108 12
109 11
110 11
111 7
112 6
113 18
114 9
115 14
116 12
117 13
118 8
119 15
120 21
121 26
122 21
123 15
124 23
125 18
126 22
127 24
128 18
129 23
130 24
131 19
132 17
133 25
134 31
135 19
136 30
137 20
138 32
139 23
140 30
141 20
142 37
143 39
144 37
145 54
146 44
147 41
148 51
149 39
150 50
151 47
152 56
153 48
154 70
155 62
156 57
157 73
158 79
159 71
160 64
161 79
162 81
163 88
164 82
165 69
166 97
167 107
168 90
169 95
170 107
171 107
172 108
173 130
174 134
175 140
176 141
177 103
178 114
179 143
180 148
181 129
182 144
183 113
184 167
185 163
186 185
187 190
188 207
189 187
190 194
191 222
192 215
193 211
194 240
195 243
196 249
197 272
198 265
199 256
200 280
201 286
202 278
203 289
204 303
205 319
206 333
207 351
208 325
209 356
210 401
211 398
212 372
213 411
214 413
215 407
216 430
217 458
218 451
219 482
220 508
221 565
222 494
223 518
224 560
225 568
226 605
227 652
228 630
229 715
230 702
231 734
232 723
233 763
234 769
235 833
236 780
237 781
238 830
239 888
240 871
241 858
242 866
243 918
244 978
245 1063
246 1064
247 1056
248 1114
249 1169
250 1200
251 1123
252 1253
253 1221
254 1296
255 1371
256 1375
257 1527
258 1423
259 1510
260 1608
261 1550
262 1581
263 1679
264 1618
265 1709
266 1732
267 1732
268 1867
269 1962
270 2004
271 2068
272 2110
273 2089
274 2181
275 2282
276 2320
277 2247
278 2388
279 2440
280 2526
281 2483
282 2657
283 2623
284 2842
285 2752
286 2876
287 2978
288 3008
289 3053
290 3129
291 3266
292 3272
293 3313
294 3420
295 3432
296 3404
297 3623
298 3791
299 3823
300 3927
301 4075
302 4138
303 4201
304 4271
305 4311
306 4452
307 4455
308 4455
309 4807
310 4913
311 4996
312 5132
313 5238
314 5144
315 5324
316 5448
317 5627
318 5757
319 5881
320 6008
321 6069
322 6108
323 6305
324 6521
325 6545
326 6641
327 6811
328 6910
329 7077
330 7246
331 7327
332 7464
333 7495
334 7691
335 7985
336 8227
337 8131
338 8176
339 8568
340 8642
341 8859
342 8963
343 8962
344 9101
345 9207
346 9435
347 9692
348 9884
349 10062
350 10351
351 10329
352 10443
353 10759
354 10857
355 11090
356 11441
357 11525
358 11549
359 11777
360 12121
361 12108
362 12264
363 12286
364 12892
365 13024
366 13109
367 13418
368 13618
369 13986
370 13850
371 14009
372 14387
373 14781
374 14814
375 15110
376 15301
377 15315
378 15701
379 16103
380 16221
381 16240
382 16685
383 16708
384 16892
385 17159
386 17332
387 17804
388 17831
389 18212
390 18384
391 18528
392 18793
393 19204
394 19324
395 19758
396 19607
397 19893
398 20211
399 20720
400 20603
401 20850
402 21160
403 21490
404 21720
405 21927
406 22120
407 22477
408 22751
409 22894
410 22920
411 23366
412 23346
413 23971
414 23844
415 24372
416 24537
417 24909
418 25029
419 25579
420 25593
421 25851
422 26165
423 26590
424 26471
425 27101
426 27181
427 27605
428 27661
429 27740
430 28140
431 28125
432 28362
433 28957
434 29026
435 29322
436 29270
437 29620
438 30299
439 30222
440 30534
441 30697
442 31070
443 31008
444 31563
445 32018
446 31932
447 31985
448 32327
449 32837
450 32459
451 33171
452 33172
453 33145
454 33696
455 33699
456 34118
457 34376
458 34687
459 34801
460 35000
461 34846
462 35532
463 35264
464 35617
465 35909
466 35986
467 36073
468 36286
469 36220
470 36677
471 37014
472 37049
473 37082
474 37473
475 37345
476 37353
477 37674
478 37977
479 38017
480 38439
481 38105
482 38544
483 38853
484 38733
485 39211
486 38728
487 39213
488 39500
489 39499
490 39489
491 39503
492 39685
493 40006
494 39968
495 40050
496 39978
497 40268
498 40089
499 40165
500 39943
501 40511
502 40573
503 41176
504 40897
505 40244
506 40684
507 40515
508 41080
509 40806
510 40602
511 40832
512 40371
513 40585
514 41359
515 41281
516 41045
517 41063
518 40822
519 40607
520 41229
521 41002
522 40592
523 40866
524 40861
525 40541
526 40921
527 40716
528 40880
529 40432
530 40157
531 40374
532 40636
533 40161
534 40361
535 39931
536 39665
537 39980
538 40142
539 39632
540 39954
541 39619
542 39499
543 39513
544 39465
545 38957
546 39140
547 39107
548 38881
549 38794
550 38283
551 38718
552 38071
553 38004
554 38305
555 37975
556 37655
557 37322
558 37442
559 37029
560 37236
561 37386
562 36601
563 36568
564 36368
565 36209
566 36168
567 35848
568 35934
569 35464
570 35707
571 34837
572 34930
573 35161
574 34091
575 34612
576 34426
577 33875
578 34044
579 33319
580 33071
581 33193
582 33378
583 32646
584 32521
585 32289
586 31922
587 31792
588 31808
589 31444
590 31567
591 30904
592 30734
593 30522
594 30026
595 30022
596 30017
597 29547
598 29440
599 28946
600 28869
601 28289
602 28011
603 27937
604 27918
605 27493
606 27511
607 27211
608 26861
609 26853
610 26048
611 25946
612 25784
613 25425
614 25298
615 25160
616 24924
617 24393
618 24658
619 24282
620 23963
621 23806
622 23310
623 23061
624 23151
625 22533
626 22502
627 22056
628 22186
629 21513
630 21414
631 21207
632 20884
633 20655
634 20317
635 20275
636 19823
637 19751
638 19520
639 19349
640 19019
641 19065
642 18809
643 18422
644 18220
645 17789
646 17987
647 17220
648 17440
649 16783
650 16665
651 16481
652 16386
653 16095
654 15802
655 15402
656 15489
657 15055
658 15110
659 14805
660 14420
661 14271
662 14013
663 14101
664 13739
665 13419
666 13526
667 13091
668 12838
669 12650
670 12328
671 12650
672 12169
673 11925
674 11789
675 11704
676 11512
677 11254
678 11149
679 10824
680 10825
681 10728
682 10277
683 10259
684 10080
685 9865
686 9633
687 9599
688 9404
689 9195
690 9094
691 8876
692 8851
693 8659
694 8486
695 8295
696 7977
697 8186
698 7841
699 7564
700 7605
701 7561
702 7178
703 7202
704 6974
705 7003
706 6799
707 6557
708 6569
709 6242
710 6267
711 6033
712 6187
713 5878
714 5794
715 5596
716 5695
717 5388
718 5370
719 5321
720 5154
721 5018
722 5055
723 4961
724 4768
725 4603
726 4551
727 4518
728 4293
729 4294
730 4025
731 4071
732 3866
733 3905
734 3733
735 3730
736 3719
737 3563
738 3522
739 3440
740 3331
741 3337
742 3170
743 3138
744 3027
745 3114
746 2878
747 2911
748 2816
749 2787
750 2642
751 2643
752 2468
753 2556
754 2459
755 2374
756 2268
757 2213
758 2207
759 2163
760 2042
761 2028
762 2008
763 1940
764 1860
765 1808
766 1770
767 1833
768 1729
769 1786
770 1638
771 1632
772 1592
773 1537
774 1401
775 1483
776 1425
777 1333
778 1242
779 1310
780 1300
781 1259
782 1179
783 1163
784 1098
785 1098
786 1097
787 1047
788 1043
789 1021
790 980
791 951
792 912
793 861
794 808
795 804
796 806
797 773
798 763
799 820
800 687
801 734
802 721
803 682
804 637
805 655
806 612
807 586
808 609
809 527
810 533
811 576
812 528
813 549
814 516
815 485
816 436
817 488
818 415
819 411
820 382
821 392
822 378
823 338
824 355
825 335
826 343
827 308
828 321
829 296
830 291
831 293
832 279
833 270
834 266
835 280
836 240
837 249
838 209
839 222
840 225
841 217
842 218
843 198
844 206
845 193
846 169
847 198
848 169
849 174
850 166
851 147
852 149
853 137
854 136
855 140
856 119
857 113
858 111
859 93
860 113
861 115
862 92
863 115
864 83
865 80
866 94
867 93
868 90
869 72
870 86
871 87
872 67
873 71
874 73
875 59
876 63
877 61
878 42
879 51
880 71
881 55
882 42
883 56
884 47
885 41
886 54
887 36
888 38
889 39
890 40
891 34
892 37
893 40
894 23
895 33
896 24
897 29
898 28
899 32
900 26
901 25
902 23
903 26
904 23
905 19
906 28
907 17
908 16
909 21
910 17
911 12
912 15
913 18
914 18
915 7
916 16
917 16
918 14
919 13
920 9
921 12
922 11
923 10
924 12
925 11
926 6
927 9
928 6
929 3
930 12
931 7
932 8
933 5
934 5
935 5
936 6
937 7
938 7
939 5
940 4
941 4
942 4
943 7
944 6
945 6
946 3
947 6
948 0
949 1
950 6
951 3
952 1
953 2
954 2
955 0
956 0
957 4
958 5
959 2
960 2
961 5
962 2
963 1
964 2
965 7
966 1
967 0
968 1
969 1
970 2
971 1
972 0
973 1
974 2
975 3
976 1
977 1
978 0
979 0
980 1
981 2
982 2
983 0
984 1
985 1
986 0
987 2
988 0
989 3
990 0
991 1
992 1
993 1
994 0
995 1
996 0
997 0
998 0
999 0
1000 0
1001 0
1002 0
1003 0
1004 0
1005 0
1006 0
1007 1
1008 0
1009 0
1010 0
1011 0
1012 0
1013 0
1014 0
1015 0
1016 0
1017 0
1018 0
1019 0
1020 1
1021 0
1022 0
1023 2
